Training Parameters and Performance Metrics
=================================================
ReduceLROnPlateau settings:
- Monitor: val_loss
- Factor: 0.2
- Patience: 30
- Min LR: 1e-6

EarlyStopping settings:
- Monitor: val_loss
- Patience: 40
- Restore Best Weights: True

Training History:
- loss: [0.016968457028269768, 0.006720788311213255, 0.0063826534897089005, 0.0062592048197984695, 0.006190959829837084, 0.006144130602478981, 0.006109139882028103, 0.006082487292587757, 0.0060639879666268826, 0.0060440790839493275, 0.00601546373218298, 0.0060049924068152905, 0.005988447926938534, 0.005975639447569847, 0.005967188626527786, 0.005955715663731098, 0.00595310190692544, 0.005951159633696079, 0.0059313396923244, 0.0059275017119944096, 0.005921575706452131, 0.005919677205383778, 0.005925202742218971, 0.005907646846026182, 0.00590360164642334, 0.005899044219404459, 0.005907277576625347, 0.005894071888178587, 0.005888218060135841, 0.005907265469431877, 0.005884495563805103, 0.005875933915376663, 0.005884193349629641, 0.005869677290320396, 0.005872095003724098, 0.00587508687749505, 0.005865443032234907, 0.0058752852492034435, 0.005856266710907221, 0.005859467666596174, 0.005855550989508629, 0.005854470189660788, 0.00584980845451355, 0.005860429722815752, 0.005845147185027599, 0.005844659171998501, 0.005839798133820295, 0.005848798900842667, 0.005844597239047289, 0.005837117321789265, 0.0058297752402722836, 0.005835681222379208, 0.005834753159433603, 0.005823585204780102, 0.005820372141897678, 0.005827689077705145, 0.005822740960866213, 0.005820889491587877, 0.005820848047733307, 0.0058148084208369255, 0.005802333354949951, 0.005801242310553789, 0.005800600163638592, 0.005800000391900539, 0.005799412727355957, 0.005798819474875927, 0.005798229016363621, 0.00579763064160943, 0.005797012709081173, 0.005796385928988457, 0.005795759614557028, 0.005795088596642017, 0.005794437602162361, 0.005793748423457146, 0.005793086718767881, 0.005792401731014252, 0.005791685543954372, 0.005791013594716787, 0.005790691822767258, 0.0057905288413167, 0.005788952112197876, 0.0057889786548912525, 0.005788065027445555, 0.005786959081888199, 0.005786405876278877, 0.005786159075796604, 0.005785156041383743, 0.0057846358977258205, 0.005784132517874241, 0.00578319001942873, 0.00578199652954936, 0.0057817790657281876, 0.005781637039035559, 0.005781496409326792, 0.0057813506573438644, 0.005781201180070639, 0.005781048908829689, 0.005780892912298441, 0.005780733190476894, 0.005780568812042475]
- val_loss: [0.006757702678442001, 0.006177624687552452, 0.006017355248332024, 0.0059361387975513935, 0.0059192245826125145, 0.005854792892932892, 0.005824909079819918, 0.005803318228572607, 0.005850212182849646, 0.005762357730418444, 0.0057617188431322575, 0.0057432628236711025, 0.005730621051043272, 0.005716877058148384, 0.005706227850168943, 0.005710745695978403, 0.0056961821392178535, 0.005688315723091364, 0.0056835440918803215, 0.005679383873939514, 0.005709624849259853, 0.005669827573001385, 0.005665781907737255, 0.005663509946316481, 0.005663121584802866, 0.005664266180247068, 0.005650803912431002, 0.005659809801727533, 0.0056659453548491, 0.0056418199092149734, 0.005642291624099016, 0.005637673661112785, 0.005645626690238714, 0.0056360503658652306, 0.005629557650536299, 0.005643908400088549, 0.005626109428703785, 0.005623226519674063, 0.005620504263788462, 0.005644910968840122, 0.005619778297841549, 0.005617407150566578, 0.005613673012703657, 0.0056105684489011765, 0.005624258890748024, 0.005613669753074646, 0.005607216618955135, 0.0056437235325574875, 0.005601178389042616, 0.0056060259230434895, 0.005612717941403389, 0.005610048305243254, 0.005623948760330677, 0.005595748778432608, 0.005623102653771639, 0.005589784123003483, 0.0056041330099105835, 0.005592869594693184, 0.00558420130982995, 0.005582729820162058, 0.005578847136348486, 0.005578335374593735, 0.0055777947418391705, 0.005577361211180687, 0.005576827563345432, 0.0055764215067029, 0.005575959105044603, 0.005575380753725767, 0.0055748880840837955, 0.00557430274784565, 0.005573815666139126, 0.0055733053013682365, 0.005572737660259008, 0.0055723004043102264, 0.005571618210524321, 0.005571067798882723, 0.00557047501206398, 0.005569896660745144, 0.0055774059146642685, 0.0055687944404780865, 0.00556822819635272, 0.005567945074290037, 0.005568145774304867, 0.005566747859120369, 0.005566070321947336, 0.00556610245257616, 0.0055651371367275715, 0.005564387887716293, 0.005564131774008274, 0.005563673563301563, 0.005562742706388235, 0.0055626155808568, 0.005562481004744768, 0.005562365986406803, 0.005562273785471916, 0.005562142934650183, 0.005562053993344307, 0.00556190637871623, 0.00556175084784627, 0.005561625584959984]
- lr: [0.001, 0.001, 0.001, 0.001, 0.001, 0.001, 0.001, 0.001, 0.001, 0.001, 0.001, 0.001, 0.001, 0.001, 0.001, 0.001, 0.001, 0.001, 0.001, 0.001, 0.001, 0.001, 0.001, 0.001, 0.001, 0.001, 0.001, 0.001, 0.001, 0.001, 0.001, 0.001, 0.001, 0.001, 0.001, 0.001, 0.001, 0.001, 0.001, 0.001, 0.001, 0.001, 0.001, 0.001, 0.001, 0.001, 0.001, 0.001, 0.001, 0.001, 0.001, 0.001, 0.001, 0.001, 0.001, 0.001, 0.001, 0.001, 0.001, 0.001, 0.00020000001, 0.00020000001, 0.00020000001, 0.00020000001, 0.00020000001, 0.00020000001, 0.00020000001, 0.00020000001, 0.00020000001, 0.00020000001, 0.00020000001, 0.00020000001, 0.00020000001, 0.00020000001, 0.00020000001, 0.00020000001, 0.00020000001, 0.00020000001, 0.00020000001, 0.00020000001, 0.00020000001, 0.00020000001, 0.00020000001, 0.00020000001, 0.00020000001, 0.00020000001, 0.00020000001, 0.00020000001, 0.00020000001, 0.00020000001, 4.0000003e-05, 4.0000003e-05, 4.0000003e-05, 4.0000003e-05, 4.0000003e-05, 4.0000003e-05, 4.0000003e-05, 4.0000003e-05, 4.0000003e-05, 4.0000003e-05]
