Training Parameters and Performance Metrics
=================================================
ReduceLROnPlateau settings:
- Monitor: val_loss
- Factor: 0.2
- Patience: 30
- Min LR: 1e-6

EarlyStopping settings:
- Monitor: val_loss
- Patience: 40
- Restore Best Weights: True

Training History:
- loss: [0.0349215567111969, 0.0047773877158761024, 0.0026457677595317364, 0.0018673904705792665, 0.0015681139193475246, 0.0013925919774919748, 0.001328250509686768, 0.0012356372317299247, 0.0011556437239050865, 0.0010598013177514076, 0.0010701721766963601, 0.0009689463186077774, 0.0009512218530289829, 0.0009135731961578131, 0.0008932195487432182, 0.0008686443325132132, 0.000835132843349129, 0.0008080534753389657, 0.0007730382494628429, 0.0007651334744878113, 0.0007312247180379927, 0.0007434653234668076, 0.0007196125807240605, 0.0007021553465165198, 0.0006994165014475584, 0.0006799461552873254, 0.0006609619595110416, 0.0006659197970293462, 0.0006635547615587711, 0.0006495852139778435, 0.0006424945313483477, 0.0006266218842938542, 0.0006440695724450052, 0.0006098980666138232, 0.0006064898916520178, 0.0005991673679091036, 0.0006127582164481282, 0.0005995584069751203, 0.0006057465216144919, 0.0005845456034876406, 0.0005777010228484869, 0.000576903810724616, 0.0005778115009889007, 0.0005751541466452181, 0.0005667242803610861, 0.0005528784822672606, 0.0005707241944037378, 0.0005507942987605929, 0.000550499651581049, 0.0005575017421506345, 0.0005352238658815622, 0.0005649227532558143, 0.0005270894034765661, 0.0005315711605362594, 0.0005334520246833563, 0.0005285685183480382, 0.0005147650372236967, 0.0005297220777720213, 0.0005213352269493043, 0.0005105383461341262, 0.000504497264046222, 0.0005086235469207168, 0.00051217305008322, 0.000510251906234771, 0.0004927664413116872, 0.0005014060880057514, 0.0004958234494552016, 0.0004826686345040798, 0.0004973553586751223, 0.00048504574806429446, 0.00047916496987454593, 0.00048299646005034447, 0.00048233126290142536, 0.00047480702050961554, 0.0004776642599608749, 0.0004725586622953415, 0.00046752026537433267, 0.0004814240091945976, 0.0004655009543057531, 0.00045800331281498075, 0.0004617036902345717, 0.0004601999244187027, 0.0004651960916817188, 0.0004537479835562408, 0.00045648921513929963, 0.0004489861603360623, 0.0004623345157597214, 0.00044770672684535384, 0.0004476088215596974, 0.00044214443187229335, 0.00044541709939949214, 0.00044349260861054063, 0.0004358314326964319, 0.0004427734238561243, 0.0004326056514400989, 0.0004407934320624918, 0.0004318934807088226, 0.0004288184572942555, 0.00042945926543325186, 0.0004372541152406484]
- val_loss: [0.00552718248218298, 0.0032216052059084177, 0.001978709129616618, 0.0015037143602967262, 0.0013196476502344012, 0.001349632628262043, 0.0012931139208376408, 0.0010504248784855008, 0.0009863160084933043, 0.0009558781166560948, 0.0009284021216444671, 0.0008933968492783606, 0.0008646928472444415, 0.0008069805917330086, 0.0007894805166870356, 0.0009932266548275948, 0.0007202582200989127, 0.0008294830331578851, 0.0006825540331192315, 0.000667934597004205, 0.0006738269585184753, 0.0007040483760647476, 0.0006681025261059403, 0.0007252458017319441, 0.0006874884129501879, 0.0006102380575612187, 0.0007218535174615681, 0.0006413946975953877, 0.0005766350077465177, 0.0005732588469982147, 0.0005826909327879548, 0.0007012906135059893, 0.0005865201237611473, 0.0005454305210150778, 0.0005449953605420887, 0.0005890483735129237, 0.0005624849582090974, 0.0005309390253387392, 0.0006953005795367062, 0.0005255486466921866, 0.000527331605553627, 0.0005935768131166697, 0.0005346796242520213, 0.0005148681811988354, 0.0005332202417775989, 0.0005156239494681358, 0.0005025776335969567, 0.0005132408696226776, 0.0004965231055393815, 0.0004942456725984812, 0.0004938138299621642, 0.0004956143093295395, 0.0004873752186540514, 0.0004845809016842395, 0.0005143883172422647, 0.00048524621524848044, 0.0004819061723537743, 0.0004729970241896808, 0.00047142565017566085, 0.00046750225010327995, 0.0005100463749840856, 0.00046429780195467174, 0.0004672653740271926, 0.000466996047180146, 0.0004583352420013398, 0.0005267791566438973, 0.00045043989666737616, 0.0004505986289586872, 0.0004501123330555856, 0.0004447290557436645, 0.00044208005419932306, 0.0004441007331479341, 0.0004466807877179235, 0.00043918867595493793, 0.00048639997839927673, 0.0004377951263450086, 0.00043511687545105815, 0.0004381889011710882, 0.00042855454375967383, 0.00043465610360726714, 0.00043880235170945525, 0.00043402527808211744, 0.0004609813040588051, 0.00042278063483536243, 0.0004202724958304316, 0.000420660013332963, 0.0004169091407675296, 0.00042199567542411387, 0.00041422489448450506, 0.00043121969792991877, 0.00042899907566607, 0.0004110949521418661, 0.0004188526072539389, 0.0004163755220361054, 0.00041836194577626884, 0.000408449734095484, 0.00041161844274029136, 0.000426160404458642, 0.0004072690790053457, 0.00040604043169878423]
- lr: [0.001, 0.001, 0.001, 0.001, 0.001, 0.001, 0.001, 0.001, 0.001, 0.001, 0.001, 0.001, 0.001, 0.001, 0.001, 0.001, 0.001, 0.001, 0.001, 0.001, 0.001, 0.001, 0.001, 0.001, 0.001, 0.001, 0.001, 0.001, 0.001, 0.001, 0.001, 0.001, 0.001, 0.001, 0.001, 0.001, 0.001, 0.001, 0.001, 0.001, 0.001, 0.001, 0.001, 0.001, 0.001, 0.001, 0.001, 0.001, 0.001, 0.001, 0.001, 0.001, 0.001, 0.001, 0.001, 0.001, 0.001, 0.001, 0.001, 0.001, 0.001, 0.001, 0.001, 0.001, 0.001, 0.001, 0.001, 0.001, 0.001, 0.001, 0.001, 0.001, 0.001, 0.001, 0.001, 0.001, 0.001, 0.001, 0.001, 0.001, 0.001, 0.001, 0.001, 0.001, 0.001, 0.001, 0.001, 0.001, 0.001, 0.001, 0.001, 0.001, 0.001, 0.001, 0.001, 0.001, 0.001, 0.001, 0.001, 0.001]
